Interaction Ineq (8 inequalities)
1 | a_1 | a_2 | a_3 | ğ›¼_1 | ğ›¼_2 | ğ›¼_3 | ğ›¼_4
--+-----+-----+-----+-----+-----+-----+----
0 | 0   | 0   | 0   | 0   | 0   | 0   | 1  
0 | 0   | 0   | 0   | 0   | 0   | 1   | 0  
0 | 0   | 0   | 0   | 0   | 1   | 0   | 0  
0 | 0   | 0   | 0   | 1   | 0   | 0   | 0  
1 | 0   | 0   | 0   | -8  | 0   | 0   | 0  
1 | 0   | 0   | 0   | 0   | -8  | 0   | 0  
1 | 0   | 0   | 0   | 0   | 0   | -8  | 0  
1 | 0   | 0   | 0   | 0   | 0   | 0   | -8 

CAN Ineq (3 inequalities)
1 | a_1 | a_2 | a_3 | ğ›¼_1 | ğ›¼_2 | ğ›¼_3 | ğ›¼_4
--+-----+-----+-----+-----+-----+-----+----
0 | 0   | 0   | 1   | 0   | 0   | 0   | 0  
0 | 0   | 1   | -1  | 0   | 0   | 0   | 0  
1 | -1  | -1  | 0   | 0   | 0   | 0   | 0  

Total Strength Ineq (1 inequalities)
1  | a_1 | a_2 | a_3 | ğ›¼_1 | ğ›¼_2 | ğ›¼_3 | ğ›¼_4
---+-----+-----+-----+-----+-----+-----+----
-1 | 1   | -1  | -1  | 2   | 2   | 2   | 2  

Slant Ineq (6 inequalities)
1 | a_1 | a_2 | a_3 | ğ›¼_1 | ğ›¼_2 | ğ›¼_3 | ğ›¼_4
--+-----+-----+-----+-----+-----+-----+----
1 | -1  | -1  | -1  | 0   | 0   | 2   | 2  
1 | -1  | -1  | -1  | 0   | 2   | 0   | 2  
1 | -1  | -1  | -1  | 0   | 2   | 2   | 0  
1 | -1  | -1  | -1  | 2   | 0   | 0   | 2  
1 | -1  | -1  | -1  | 2   | 0   | 2   | 0  
1 | -1  | -1  | -1  | 2   | 2   | 0   | 0  

Height Ineq (4 inequalities)
1 | a_1 | a_2 | a_3 | ğ›¼_1 | ğ›¼_2 | ğ›¼_3 | ğ›¼_4
--+-----+-----+-----+-----+-----+-----+----
0 | 0   | 0   | -1  | 0   | 1   | 1   | 1  
0 | 0   | 0   | -1  | 1   | 0   | 1   | 1  
0 | 0   | 0   | -1  | 1   | 1   | 0   | 1  
0 | 0   | 0   | -1  | 1   | 1   | 1   | 0  

Spade Ineq (1 inequalities)
1  | a_1 | a_2 | a_3 | ğ›¼_1 | ğ›¼_2 | ğ›¼_3 | ğ›¼_4
---+-----+-----+-----+-----+-----+-----+----
-1 | 1   | 0   | 0   | 1   | 1   | 1   | 1  

Club Ineq (4 inequalities)
1  | a_1 | a_2 | a_3 | ğ›¼_1 | ğ›¼_2 | ğ›¼_3 | ğ›¼_4
---+-----+-----+-----+-----+-----+-----+----
-1 | 1   | 1   | -1  | 0   | 2   | 2   | 2  
-1 | 1   | 1   | -1  | 2   | 0   | 2   | 2  
-1 | 1   | 1   | -1  | 2   | 2   | 0   | 2  
-1 | 1   | 1   | -1  | 2   | 2   | 2   | 0  

Diamond Ineq (4 inequalities)
1 | a_1 | a_2 | a_3 | ğ›¼_1 | ğ›¼_2 | ğ›¼_3 | ğ›¼_4
--+-----+-----+-----+-----+-----+-----+----
0 | 0   | 1   | 0   | -1  | 1   | 1   | 1  
0 | 0   | 1   | 0   | 1   | -1  | 1   | 1  
0 | 0   | 1   | 0   | 1   | 1   | -1  | 1  
0 | 0   | 1   | 0   | 1   | 1   | 1   | -1 

Heart Ineq (4 inequalities)
1 | a_1 | a_2 | a_3 | ğ›¼_1 | ğ›¼_2 | ğ›¼_3 | ğ›¼_4
--+-----+-----+-----+-----+-----+-----+----
1 | -1  | 1   | -1  | -2  | 2   | 2   | 2  
1 | -1  | 1   | -1  | 2   | -2  | 2   | 2  
1 | -1  | 1   | -1  | 2   | 2   | -2  | 2  
1 | -1  | 1   | -1  | 2   | 2   | 2   | -2 

Other Ineq (0 inequalities)
1 | a_1 | a_2 | a_3 | ğ›¼_1 | ğ›¼_2 | ğ›¼_3 | ğ›¼_4
--+-----+-----+-----+-----+-----+-----+----

